//UBXStrcutureDef UBXStructure = {0xB5, 0x62, 0x06, 0x00, 0x0014, NULL, 0x9A, 0x79};
//uint8_t pBuffer[20] = {0x01, 0x00, 0x00, 0x00, 0xD0, 0x08, 0x00, 0x00, 0x80, 0x25, 0x00, 0x00, 0x01, 0x00, 0x01, 0x00, 0x00, 0x00, 0x00, 0x00};

配置协议
B5 62 06 00 14 00 01 00 00 00 D0 08 00 00 80 25 00 00 01 00 01 00 00 00 00 00 9A 79
配置返回
B5 62 05 01 02 00 06 00 0E 37

使能SOL
B5 62 01 06 00 00 07 16 B5 62 06 01 03 00 01 06 01 12 4F 
B5 62 01 06 00 00 07 16      只出一帧数据
使能返回
B5 62 05 01 02 00 06 01 0F 38

使能POSLLH
B5 62 01 06 00 00 07 16 B5 62 01 02 00 00 03 0A B5 62 06 01 03 00 01 02 01 0E 47
B5 62 01 02 00 00 03 0A      只出一帧数据
使能返回
B5 62 05 01 02 00 06 01 0F 38
一帧返回
B5 62 01 02 1C 00 58 98 00 00 00 00 00 00 00 00 00 00 00 00 00 00 98 BD FF FF FF FF FF FF 00 76 84 DF 37 A9
B5 62 01 02 1C 00 88 90 00 00 00 00 00 00 00 00 00 00 00 00 00 00 98 BD FF FF FF FF FF FF 00 76 84 DF 5F 11

使能PVT
B5 62 06 01 03 00 01 07 01 13 51
B5 62 01 07 00 00 08 19      只出一帧数据
使能返回
B5 62 05 01 02 00 06 01 0F 38

使能TIMEUTC
B5 62 06 01 03 00 01 21 01 2D 85 
B5 62 01 21 00 00 22 67      只出一帧数据
使能返回
B5 62 05 01 02 00 06 01 0F 38

设置速率
B5 62 06 08 06 00 64 00 02 00 01 00 7B 16 B5 62 06 08 00 00 0E 30
设置返回
B5 62 05 01 02 00 06 08 16 3F B5 62 06 08 06 00 64 00 01 00 01 00 7A 12 B5 62 05 01 02 00 06 08 16 3F

设置错误速率
B5 62 06 08 06 00 64 00 01 00 01 00 7A 12 B5 62 06 08 00 00 0E 30 
设置返回
B5 62 05 01 02 00 06 08 16 3F B5 62 06 08 06 00 64 00 01 00 01 00 7A 12 B5 62 05 01 02 00 06 08 16 3F 


配置115200
B5 62 06 00 14 00 01 00 00 00 D0 08 00 00 00 C2 01 00 01 00 01 00 00 00 00 00 B8 42 
B5 62 06 00 14 00 01 00 00 00 C0 08 00 00 00 C2 01 00 01 00 01 00 00 00 00 00 A8 42 FC